# Event number 	 W pT  	 | Delta eta j1,j2 | 	 Delta R j1,j2 	 m j1, j2 	 N of jets	 j1 pT 	 j2 pT 	 Centrality 	 | Delta Phi l1, l2 | 	 m l1, l2 	 Empty 	 | Delta eta l1,l2 | 	 mET (scalar) 	 mET phi 	 dijet min distance 	 Zeppenfeld Var 	 Cos |tot phi| 	 Cos | deltaphi(j1+j2,l1+l2) | 	 Empty 	 Weight

3680337585884973908	141.352	5.87466	5.86075	737.468	2	41.7179	36.7875	1.16813	2.24883	144.962	0	1.73895	396.641	3.70406	2.96861	1.44578	0.934754	-0.94884	0	0.00142863
5286422344224820444	124.614	2.51731	3.76814	532.673	2	154.779	126.965	0.069317	3.79938	78.3065	0	0.0364992	733.395	3.05896	0.313731	1.98675	-0.918496	0.762666	0	0.273335
12227655742635550018	245.191	3.38349	4.43162	1534.19	2	334.988	223.252	0.0961641	2.83657	87.6059	0	0.213572	679.54	4.5431	0.878695	2.63137	-0.93322	-0.864918	0	0.0527311
14231193815721542725	147.717	4.31494	4.95322	1143.02	2	184.489	92.6582	0.0260948	1.05656	410.285	0	3.71093	582.891	3.20551	1.12576	0.0417612	0.131445	-0.998886	0	4.56531e-07
16574119261346737534	126.12	4.60975	4.61795	549.256	4	62.0339	49.1646	0.115156	1.50533	73.7564	0	0.699041	509.551	4.24699	0.643449	1.88739	0.808119	-0.327253	0	0.000158082
5181337134581688999	672.694	2.60783	3.09223	720.47	4	326.005	113.048	-0.783363	5.81679	45.7899	0	0.344659	846.412	0.0278168	2.55269	2.0022	0.997433	-0.972257	0	0.000851611
3009381485567810691	591.368	2.97067	3.12943	622.232	3	233.834	89.3493	0.947836	0.255322	235.865	0	0.970478	1134.2	4.69258	2.20131	0.070607	-0.945847	-0.935624	0	0.0146048
16811318507104975558	45.6845	5.10184	5.67	1259.31	4	111.64	85.5487	1.95296	1.79109	61.6788	0	0.0807445	511.123	5.6881	1.97143	0.968827	-0.121086	-0.655117	0	4.34147e-10
14092513936344219531	270.637	4.27549	4.6109	1237.35	5	160.618	131.577	-0.499446	0.69734	294.351	0	2.75636	779.512	2.3427	2.15553	0.343892	0.263107	-0.955957	0	0.261004
2626150069535545939	73.1385	3.52126	4.64785	934.398	2	180.96	134.482	-0.242386	2.72446	154.283	0	1.82223	561.161	1.42648	1.73684	2.44986	0.0206198	-0.980533	0	1.53209
6862341144378937780	140.771	5.344	5.59415	684.082	2	47.8908	46.6018	0.0473343	3.61038	79.1292	0	0.616016	258.064	2.54743	1.18508	3.27101	-0.955204	-0.299744	0	0.0246649
11925369831824533561	24.7945	3.54822	4.7235	537.26	3	120.859	64.7948	0.0666481	2.61721	107.476	0	0.980464	453.347	0.132813	1.14402	2.15448	-0.63535	-0.809741	0	0.0446414
12014736928232255814	92.8169	4.53023	5.20077	1060.92	2	139.617	85.1299	1.40884	0.891746	102.348	0	1.27909	439.544	4.94939	2.38714	0.10179	0.940774	-0.999985	0	1.74842
1232672149469016109	138.496	2.50938	3.65047	608.251	2	213.658	122.202	0.650329	2.73417	107.542	0	0.104788	693.747	2.48182	1.66428	1.2838	-0.0224971	-0.984197	0	0.0394313
16290539122629485369	105.975	3.72689	4.0355	537.999	3	104.108	66.6052	0.304606	1.03583	42.3641	0	0.139272	409.448	0.746722	1.30268	1.58332	0.86653	-0.791602	0	0.101669
14959345692562430734	97.8258	3.42399	4.10137	639.754	2	167.639	76.0029	-0.950681	0.608735	105.811	0	2.179	433.608	4.18517	2.23959	1.84478	-0.722284	-0.817701	0	0.00293844
11369175947667612146	186.083	3.46747	4.55166	1371.08	3	256.815	214.927	0.514288	2.18049	147.554	0	0.637632	844.99	3.76187	1.78353	1.46794	0.70391	-0.999131	0	0.124698
9881581824579243805	82.1624	3.93581	4.72618	1152.05	2	166.052	150.799	1.51803	5.49732	59.2856	0	0.47803	617.809	3.73057	2.12285	0.282304	-0.768942	-0.996383	0	0.874835
12043349967209007342	302.43	3.31949	4.09238	695.563	2	253.777	65.1415	0.510101	2.61105	139.332	0	0.875826	767.24	0.599123	0.833146	0.377868	0.0990295	-0.984311	0	0.111364
2933472217343784495	127.14	4.71275	5.61824	768.803	3	104.637	49.7779	1.16662	1.69063	62.8132	0	0.647074	345.619	3.43155	1.27697	0.616023	0.999787	-0.905193	0	0.000159052
5040562277568448208	97.5801	2.5524	3.97423	550.594	2	187.999	107.501	-0.344056	1.88106	77.4937	0	1.22536	466.854	0.856686	1.23216	1.71336	0.948391	-0.571211	0	0.0209341
16256024117241207177	158.13	3.75078	4.30785	922.255	3	255.875	76.0337	-0.912121	2.75484	258.182	0	2.227	700.531	3.65154	1.13555	2.38502	0.827658	-0.939932	0	0.131492
4665573596099570109	66.5163	2.73924	3.75714	694.992	3	218.042	128.549	0.490378	3.54904	171.603	0	1.64	639.326	2.88561	1.69593	1.57127	0.192761	0.277789	0	0.501103
14832985814648605517	132.238	3.72159	4.66022	618.21	4	108.815	80.8803	-0.644861	0.298294	55.7987	0	1.16195	496.203	0.582816	0.529039	1.81593	0.793328	-0.717452	0	0.000639782
973307860998911339	216.443	2.98112	4.01381	830.382	2	191.165	166.518	-0.798306	3.87395	137.228	0	0.908842	694.817	5.49483	0.494658	2.6739	-0.461604	-0.993221	0	0.289105
12422532919609315890	186.246	4.69086	4.67779	658.686	3	74.0869	54.7196	1.65375	2.45589	123.375	0	0.113105	385.384	4.11997	1.88089	0.963423	-0.604981	-0.979576	0	0.0885033
15164899129640667457	394.203	4.18354	4.23902	1276.14	4	177.529	142.972	1.64692	1.10264	112.965	0	0.185123	971.857	1.90069	2.7177	0.355236	-0.650907	-0.916071	0	7.50031e-07
8580189577458941156	256.602	2.7463	3.87586	627.993	2	282.449	79.2389	-0.794729	5.5924	60.3074	0	0.0830797	631.737	0.559475	0.876371	2.16182	0.858701	-0.99376	0	0.00300802
13770478178582391556	228.58	3.87749	4.55479	799.449	2	191.773	66.8289	0.515988	2.52869	205.215	0	0.940709	705.432	1.67646	1.49647	0.874282	-0.876167	-0.957145	0	0.590452
10677026072256874439	95.0987	4.67512	5.11867	976.058	2	103.984	84.5437	0.448838	3.47322	91.8539	0	0.690681	427.604	5.08896	1.14124	1.01546	-0.643739	-0.938842	0	0.0507788
10153954764960635260	73.1803	5.65149	5.64266	679.443	2	51.1968	31.8388	2.19076	4.08487	77.1277	0	0.374964	388.451	3.92876	2.57283	1.00341	-0.9345	-0.877101	0	0.0024054
17291578940486876654	87.9698	3.00474	4.2983	537.708	2	138.567	93.4729	0.529047	3.35316	70.6448	0	0.516774	420.079	2.35479	1.12571	0.973883	-0.999342	-0.949781	0	0.310553
4098477459290732580	75.6199	5.41509	5.9308	1095.22	2	125.145	42.3337	-0.22242	1.3646	187.139	0	2.42547	517.149	0.767664	2.77377	2.75161	-0.767423	-0.965212	0	0.359077
1156164757192423827	237.495	3.07925	3.84209	650.285	4	242.792	74.9002	0.348159	1.95756	115.097	0	0.40804	715.864	4.33532	2.18595	1.40229	-0.935284	-0.92021	0	0.622233
10448877979472701262	33.5985	4.86679	5.51055	538.91	2	56.0111	39.3688	0.834028	0.647602	48.2185	0	0.617071	438.943	0.728484	2.70752	1.36132	-0.0835877	-0.869054	0	0.020651
8155840095201388645	154.141	3.31293	4.24585	607.54	2	146.323	85.8176	-2.60582	3.04168	150.213	0	1.39602	418.594	5.84392	2.70212	4.39582	0.532809	-0.999695	0	0.00501599
11561535842601253648	361.102	4.08247	4.58496	686.641	2	223.132	34.6455	1.0033	0.323369	74.3345	0	1.43709	544.898	5.73237	1.31217	0.076611	0.942951	-0.897528	0	0.184212
856400258837799067	635.194	2.63078	3.68841	1036.17	3	684.387	99.148	-0.53949	1.1161	270.611	0	0.71531	1551.74	4.24685	0.617778	1.33733	-0.676183	-0.999962	0	0.0131189
15512029199321224733	325.412	2.99269	3.97921	1463.19	3	418.481	234.347	-1.77342	1.00984	75.8918	0	1.04921	859.813	1.61492	2.37297	2.83842	-0.678947	-0.914483	0	0.00170941
15026244598227886930	186.02	2.98251	3.24676	574.436	4	183.392	92.0542	0.660512	4.13615	205.442	0	0.919443	857.349	5.2368	2.38147	0.250679	-0.196138	-0.926306	0	1.8988e-05
11607109856553725393	57.9122	2.75077	4.07419	2799.51	7	807.6	546.597	-0.752062	5.91179	31.5001	0	0.761945	2174.07	2.49494	0.0950419	1.87609	-0.877366	0.933442	0	7.9756e-05
5052009922809486239	127.637	2.50623	3.9973	743.658	2	266.909	143.779	-1.65751	0.356348	296.678	0	3.72645	689.934	0.185345	0.466136	0.577994	-0.00299247	-0.970689	0	0.121453
1370694537578451127	371.148	3.11222	3.92408	1382.53	2	352.688	221.513	0.362729	1.63762	102.827	0	0.684253	889.453	2.49198	0.496916	0.471122	-0.430207	-0.958267	0	0.0480389
8391081530935401359	91.6464	3.51313	4.48193	645.378	5	131.731	88.8386	-1.23582	1.75801	149.092	0	0.286101	943.13	4.92231	1.64779	3.27345	0.985845	-0.875514	0	3.82341e-13
10776555459361899561	637.627	3.10128	3.93283	1027.27	3	414.95	106.657	0.137196	0.069462	44.882	0	1.11413	863.225	0.343581	1.83869	0.949668	0.26196	-0.773202	0	0.0122244
2202976875403831022	340.229	4.33056	4.65879	1530.24	3	292.89	103.986	0.56006	2.13376	328.329	0	0.842061	983.212	4.17782	1.6748	1.22	-0.834309	-0.99921	0	0.188141
1492452122399152854	276.117	4.34	5.29147	2624.52	3	411.599	212.568	0.38093	1.94927	120.082	0	0.657282	1040.89	4.56228	0.588162	2.06787	-0.996994	-0.99649	0	0.270491
13593193220018261838	99.1132	5.92832	6.5379	1816.62	3	191.96	45.5426	2.39179	0.514286	70.4423	0	0.979511	551.579	0.221796	2.53884	0.123291	-0.952772	-0.999581	0	0.229996
16670592891008876678	178.394	4.62313	4.83129	635.286	3	70.9903	55.8195	-1.6833	3.45781	109.277	0	0.59556	434.978	0.244194	2.04624	4.62568	0.983147	-0.998308	0	0.236545
14703870589635277135	141.791	4.21098	4.84621	1366.68	3	220.386	122.921	-0.586021	1.60631	187.902	0	2.64287	528.609	2.53811	2.15343	2.44102	0.916458	-0.909285	0	0.0912306
16111270354036880496	499.078	3.66279	4.07582	2106.58	2	356.261	315.488	-0.39309	0.659462	196.137	0	1.60086	1064.04	2.38168	2.39205	0.954726	-0.33538	-0.985229	0	0.00466507
17404409511184671581	100.416	3.80575	4.8745	856.896	2	184.357	84.5458	0.570264	0.917486	41.4037	0	0.391257	544.088	0.21758	0.556601	1.25297	-0.736727	-0.901034	0	1.71775
17112823341799714038	32.415	3.48847	4.56103	510.094	2	92.5365	80.6211	-0.843318	0.957848	50.514	0	0.816791	404.017	3.61113	0.471073	2.20889	-0.225001	-0.0769047	0	0.0423756
9103369844818581013	53.2789	3.23254	3.78833	713.505	5	164.891	117.246	-1.59117	1.16354	48.2231	0	0.468554	670.692	0.120895	2.37886	3.13898	-0.781579	-0.981418	0	9.32751e-06
5985417028184467606	628.797	3.11502	3.44649	507.273	2	334.256	34.2806	-0.11704	0.25013	59.2847	0	0.96024	636.982	5.41287	2.61901	1.01688	0.317078	-0.93295	0	0.109676
2376547237224349059	498.043	3.46616	3.78163	971.55	3	370.079	79.7364	0.278325	0.58468	41.0572	0	0.19818	893.132	1.05856	2.542	1.4194	-0.912794	-0.93523	0	0.160662
13115662996430813875	114.044	3.96461	4.96209	1390.36	2	220.798	159.94	-0.380931	3.04667	78.9234	0	0.158864	493.769	4.69084	1.24845	3.24441	-0.312589	-0.700429	0	0.0988779
1102497691114358442	123.777	3.75643	4.65566	603.982	3	140.349	57.9468	-1.45537	3.70998	168.312	0	1.77808	495.471	6.01287	1.25674	3.03941	0.878282	-0.825677	0	0.0085036
10743808264214920368	158.385	2.66759	3.18946	1672.72	3	511.239	368.641	-0.0175771	4.30936	63.9937	0	1.52221	1583.69	3.98796	0.0246415	1.29158	-0.988625	-0.0933944	0	0.460453
10735901855220916901	168.465	3.41141	3.93252	609.714	2	164.045	72.7934	-0.354118	1.06411	142.353	0	1.87475	491.39	2.6002	2.6224	1.74285	0.999106	-0.972448	0	0.00285522
11928551767254168842	251.61	3.44145	4.10552	629.761	2	239.067	50.7839	0.216414	2.84645	178.617	0	0.0937392	582.316	1.66195	0.991631	1.62496	-0.487423	-0.983233	0	0.00299682
7327739389629644539	38.6793	3.08151	4.26089	849.379	2	182.128	166.158	-0.256329	0.722774	85.0135	0	1.97803	624.388	1.0233	2.13638	1.32626	0.766373	-0.956737	0	0.00494739
15325544988167251104	484.563	3.02749	4.20156	647.209	2	443.813	41.3336	-0.452335	5.20561	127.881	0	0.981735	933.769	6.20148	2.27375	1.93658	0.858513	-0.998004	0	0.368187
14974321733547103211	150.431	2.74102	3.59208	1250.71	3	370.555	248.8	-0.846989	2.91156	60.9458	0	0.043302	1119.04	3.87844	1.0914	4.26543	0.334323	-0.999346	0	0.0019595
6887360148074196228	276.842	4.68991	5.27088	867.885	2	166.935	40.8552	1.721	2.55578	86.2454	0	0.493212	372.81	2.31687	2.32627	0.0694676	0.500786	-0.932945	0	0.0052147
14731128149630393939	218.141	3.57055	3.77023	563.28	2	98.258	91.9817	0.933797	3.24643	86.7754	0	0.558248	378.014	3.88861	1.57178	1.61944	-0.98987	-0.150465	0	0.0548178
2947851871979551558	87.1788	4.60971	5.49756	677.94	2	114.074	39.3136	0.437454	1.89296	118.289	0	1.3022	349.959	3.26719	0.438512	1.84402	-0.376301	-0.665965	0	0.0205435
3102272730843157210	122.759	4.16098	5.07661	563.25	2	124.539	38.1494	-1.39992	1.81686	173.47	0	3.00276	341.247	5.85666	2.6566	2.25602	0.128611	-0.994997	0	0.00342694
11787693908398851750	921.324	3.60649	3.60674	1599.89	2	295.336	247.683	0.238534	0.339247	54.2311	0	0.566524	818.545	5.51831	3.00645	1.20751	-0.223334	-0.977735	0	0.0420937
3864967061610040361	22.6102	3.57695	4.68197	1164.09	3	264.845	135.193	-0.588582	3.71205	207.524	0	0.555683	879.059	3.03026	0.967704	3.285	-0.990082	-0.537429	0	0.038223
3757589401678285783	4.80367	4.50318	5.18782	578.357	2	71.027	51.1414	-0.788787	0.916325	105.781	0	1.98957	293.329	0.832244	1.72462	2.6	0.0630551	-0.908187	0	0.193288
879851605383165133	181.477	3.6041	3.65121	658.808	5	116.204	105.549	0.603136	0.497207	27.2925	0	0.100058	576.226	4.51899	1.83142	1.18838	0.369947	-0.0913047	0	0.211606
12160481683171222368	87.8204	3.21903	4.39427	1584.21	2	318.428	291.595	0.509865	2.91947	142.11	0	2.10093	814.607	1.45253	2.28846	1.4681	0.610988	-0.874037	0	1.86003e-06
12692722907645487670	9.36469	2.76298	4.00916	528.685	3	154.064	101.309	0.679726	5.47962	42.0788	0	0.702256	543.824	2.60458	1.37993	0.170329	-0.547076	-0.957832	0	0.0995418
4802794648337243286	349.357	3.11402	3.22103	691.468	2	240.143	93.5146	-0.663579	2.05547	315.344	0	0.911882	853.881	1.40218	1.89401	2.32293	-0.98343	-0.999079	0	0.00698719
8898097860453301909	103.856	2.4022	3.19686	707.387	4	302.055	135.985	-1.00068	3.35502	86.9002	0	1.02796	818.985	2.15586	1.00341	2.83465	-0.804728	-0.999857	0	0.500673
3429823507061130744	33.7121	4.02405	4.46017	554.073	2	111.967	48.2689	0.963673	0.106304	22.5952	0	0.466065	412.497	3.20407	1.96958	0.860259	-0.885194	-0.998862	0	0.729555
7695630431573197954	81.7223	4.22715	4.79106	703.767	3	96.3273	73.5826	0.0674927	3.46185	84.0801	0	1.97332	444.74	5.35213	1.20269	2.76699	0.998542	0.722577	0	0.0227783
13028671221300316349	148.663	2.43395	3.5905	558.074	3	181.325	127.994	0.245987	3.39887	108.633	0	0.366405	808.984	1.04197	1.3088	0.21785	0.262348	-0.994475	0	1.62402
2865848041034032898	145.467	4.20639	4.5609	560.738	2	100.214	46.4105	0.785896	3.87271	191.147	0	1.97791	377.11	5.78927	0.837646	0.484758	0.814127	-0.88232	0	0.186917
1432859153172438230	197.406	4.92756	4.97682	570.181	2	75.6326	31.4057	1.6039	0.788358	34.8868	0	0.796178	240.147	2.19535	2.37206	0.560736	0.966	-0.110203	0	0.148358
4050584392692339348	329.22	2.44839	3.39122	590.182	2	300.678	87.5424	-1.82001	0.86011	65.3698	0	0.0443541	623.689	5.93112	1.97497	3.10676	0.553938	-0.99836	0	0.0199598
3123542790100769394	63.8133	4.51607	5.30203	649.621	2	94.0442	48.0426	0.768203	4.13137	63.2335	0	0.0870375	268.742	2.23846	1.14492	2.08469	-0.858073	-0.706249	0	0.192114
13329560562477286585	472.814	3.13618	4.17862	1538.34	5	344.311	275.472	-0.708045	1.6512	62.0746	0	1.07984	1093.39	1.6142	1.1792	2.06068	-0.963481	-0.843818	0	1.94769e-05
5313902451472694079	160.517	2.46947	3.7246	546.792	3	149.483	141.307	-1.2449	2.61291	111.835	0	1.25586	515.867	3.8729	1.0609	0.70259	-0.198114	-0.251222	0	0.00305696
16907302715788036365	277.474	6.53763	6.55857	2346.1	2	130.566	61.1716	2.02941	0.887936	44.957	0	0.00489535	407.215	5.78193	2.76357	1.31856	0.0901447	-0.986172	0	-0.000158615
4417052705130773104	324.766	2.48222	2.55985	596.682	4	200.239	168.729	-1.45007	5.36302	92.4785	0	0.293802	931.019	5.02163	2.2623	2.69798	-0.316527	-0.996398	0	0.0117002
17115997014612549062	872.551	2.94114	3.51558	952.977	2	546.883	82.147	-0.243582	0.0338255	30.8751	0	0.48612	838.998	5.491	2.85351	1.61993	0.405986	-0.959748	0	0.0494923
10236544687257883291	123.754	5.16829	5.43518	511.852	2	42.9809	34.6055	-0.00876512	2.85166	83.9442	0	1.49584	202.018	6.2494	1.3864	3.75762	-0.937431	0.931238	0	0.0388607
2520089957430624016	89.8483	3.74051	4.70645	523.988	4	80.8054	76.8081	0.21863	2.55962	283.9	0	1.36437	716.098	2.4778	1.66631	1.50793	0.897088	0.258073	0	0.0447932
10247867456789401573	427.181	3.26775	4.21257	1605.55	3	407.462	225.151	0.76336	1.35606	94.3536	0	0.656811	890.938	3.56129	1.48773	0.413723	0.543262	-0.991372	0	0.292691
8014235112068892242	544.829	2.95206	3.64385	1610.4	3	515.859	247.486	-0.0935598	0.93034	90.3024	0	0.449617	1293.51	4.79778	1.74517	1.16052	-0.839802	-0.999016	0	0.0108823
4340621129731321223	36.0643	2.60455	4.03317	580.307	2	152.91	140.843	0.0906417	2.98608	227.369	0	2.0613	507.588	1.44034	1.49339	2.21511	0.945518	0.222123	0	0.0030215
17938661849419312950	112.77	4.72243	5.21172	904.555	3	109.597	65.5623	0.111956	5.27873	51.2802	0	1.60489	312.996	4.38012	2.24276	1.483	-0.0177351	0.262879	0	0.315137
8877949710593323204	487.061	4.09117	4.8088	1486.11	6	418.559	85.5861	0.0398674	1.50133	106.504	0	0.412913	1114.56	2.64151	1.57864	1.8239	0.195129	-0.989576	0	1.02873
4962815033262154633	123.516	2.50759	3.94467	542.987	3	146.355	138.282	0.393509	4.55325	85.4731	0	0.142435	632.198	2.43289	1.10372	0.709848	-0.991224	-0.690723	0	1.78133
15672325422877867350	278.408	3.86033	3.96846	644.475	2	203.023	44.0772	0.927824	1.59765	220.411	0	1.22889	532.426	2.26265	2.73661	0.309224	0.225543	-0.998858	0	0.0201653
1079299743705201179	963.773	2.44264	2.44179	952.804	2	545.859	172.942	-0.892086	0.088496	131.807	0	0.73924	1235.65	3.44318	3.13602	1.99102	0.683058	-0.996825	0	0.000103216
9731117615014653531	58.7441	2.55911	3.46532	956.584	3	286.942	220.447	1.16885	3.97158	54.1074	0	0.127368	850.451	4.70609	1.38979	0.873225	0.0135053	-0.920379	0	0.262863
17499572975700952769	44.6634	5.2364	5.7464	623.934	2	47.0378	43.6595	1.13517	5.47508	79.7569	0	1.94888	185.845	3.6899	2.20949	0.928931	-0.872765	-0.688247	0	0.00752854
8791156105463684685	103.207	5.29613	6.10146	912.22	2	84.7104	48.7166	-0.126397	4.55428	50.5278	0	0.521519	252.61	2.29935	0.508363	2.99112	-0.426894	0.341606	0	0.0106302
15063008320436184641	143.901	4.47721	4.95394	783.808	2	83.0086	82.9771	-0.569442	1.84924	55.2654	0	0.608176	380.575	1.4426	2.16466	2.85082	-0.227391	-0.638646	0	0.062198
2414346619163165474	193.373	3.02064	4.17555	851.893	4	264.935	121.724	1.18608	4.84445	82.1022	0	0.456177	741.44	5.0286	1.83678	0.15327	0.452572	-0.817735	0	0.0150611
15616789463021980408	94.3151	6.19524	6.73816	1318.02	3	65.7402	53.6753	1.02579	1.9217	94.7311	0	2.1121	363.445	4.96484	1.34508	1.79523	0.99866	0.950129	0	0.00387961
9109248542623007935	596.779	3.29576	3.81006	1643.94	5	416.125	233.319	-2.20526	0.779653	32.6927	0	0.324132	1136.98	0.650752	2.82264	3.73153	-0.0972877	-0.95327	0	0.0075056
276661183769715630	28.4076	3.80394	4.17126	923.146	6	154.651	121.754	0.587295	2.59974	150.147	0	1.79857	889.193	0.100054	0.799428	0.418402	-0.932068	-0.785368	0	0.0936978
13219546363372469749	114.875	5.00176	5.36532	1050.13	4	107.573	68.4437	0.447251	1.17255	82.6614	0	1.59368	483.195	0.102336	1.91029	1.63832	-0.469184	-0.906921	0	5.91195e-09
642206436929886432	104.899	4.41462	5.37276	1275.78	3	158.749	120.323	-1.84965	1.48081	133.923	0	0.78747	684.662	1.44046	1.31346	4.03356	0.802741	-0.111122	0	7.68523e-08
15257323142177656818	674.782	4.07452	4.51572	1513.49	3	403.325	95.0665	0.765991	0.398816	98.6485	0	1.27707	865.438	0.911464	1.27182	0.135898	-0.421364	-0.999692	0	0.0762884
9843039463507131862	226.122	2.6218	3.45225	1338.01	4	478.318	247.738	0.241508	3.74194	113.472	0	0.587181	1290.03	0.735279	1.44268	1.382	-0.492655	-0.525611	0	3.18507
9144262627154473803	201.489	4.27731	4.86427	844.141	2	228.782	42.2613	-1.06659	1.7358	158.579	0	2.4212	622.761	2.11365	2.39922	2.70186	-0.283927	-0.99926	0	0.736283
14014017045750929918	103.69	3.10797	4.3668	580.576	2	180.555	76.2604	-1.16423	0.349487	27.4631	0	0.515528	463.727	4.18899	2.81743	2.48925	0.789359	-0.986931	0	0.00187296
13104632705657745924	365.069	2.8955	3.46451	583.426	3	215.895	81.8605	-0.547799	1.49873	91.0956	0	1.69833	573.59	0.823363	1.96048	0.474133	-0.231989	-0.831177	0	0.00516598
1063079132234241305	713.957	2.89629	2.89306	652.243	3	354.243	74.1924	0.795267	0.850839	64.7613	0	1.02232	645.569	4.03264	2.58273	0.000436799	-0.473321	-0.994814	0	0.20145
8431339598072038867	326.062	2.98881	3.59791	662.646	6	173.917	121.034	-1.09918	5.36101	73.5893	0	0.513909	792.581	0.124075	2.3956	2.21965	0.997616	-0.9887	0	0.0117385
6200953350460508518	285.237	3.88943	3.896	903.935	2	133.025	129.729	0.469252	1.44807	184.209	0	0.697648	609.736	0.364537	2.25481	0.780597	0.507361	-0.997755	0	0.00892579
2141837156024189914	248.92	2.6893	3.46372	694.102	4	201.705	147.769	-0.363141	1.60176	163.938	0	0.716863	911.14	3.03575	1.75753	0.953679	0.827888	-0.89449	0	0.000345115
104349545464972121	191.092	3.66766	4.01285	1310.8	5	234.039	186.443	1.59292	1.46249	112.841	0	0.136023	882.75	1.11617	2.34513	0.0520821	-0.890198	-0.999495	0	0.629431
1799868748715704995	224.547	3.82719	4.52775	1044.22	3	163.261	140.542	0.0948392	4.77146	60.692	0	0.959838	494.445	5.99304	1.25117	1.53391	0.949953	-0.99986	0	0.0167185
18404222695092644787	191.468	2.68866	4.00486	740.088	4	181.029	180.166	0.932348	3.79477	115.111	0	0.0447996	716.698	5.0459	0.935753	0.0820344	-0.426095	-0.998543	0	1.17713
14669696430419764940	1906.61	3.23419	3.81391	1056.36	2	1060.08	39.9006	-0.321132	5.83042	38.369	0	0.0262826	1377.7	0.288112	2.76658	1.92751	0.823643	-0.999926	0	9.57802e-06
9273265086453780918	131.555	3.81948	4.83048	704.513	3	174.34	59.6507	0.559227	3.06832	129.29	0	0.129257	527.181	5.14331	1.42272	0.320007	-0.840642	0.0441227	0	0.945599
3269367440355582845	334.175	3.28708	3.5631	656.462	4	171.264	94.986	1.1809	2.17471	102.439	0	0.409755	650.163	3.26101	1.69863	0.121259	0.975947	-0.914296	0	0.000744516
5167823527272776256	68.5261	3.43133	4.43566	563.191	2	133.28	70.7214	0.305292	1.67148	51.7516	0	0.0935427	436.456	0.369933	2.10538	1.20718	0.655307	-0.999845	0	0.632332
6845724905206234523	19.2673	5.10643	5.71112	535.675	2	41.7391	41.1857	0.323328	4.19098	148.817	0	2.26518	273.802	3.99701	2.64031	1.64142	-0.247161	-0.813716	0	0.000300773
12597532269061953169	42.2215	3.37242	4.57318	1104.32	4	243.772	160.283	-0.0342568	5.36662	34.4061	0	0.472033	673.57	2.64353	0.576017	1.47394	-0.577334	0.624484	0	1.85219e-09
2147193065282961563	361.54	4.67748	5.12838	1013.8	4	131.773	71.625	2.0012	0.189117	37.9945	0	0.645772	552.281	0.829155	2.70616	0.188176	-0.465479	-0.967696	0	6.79426e-05
14915327936651219320	164.469	3.2583	4.4282	1279.56	2	322.442	180.973	0.285826	0.825912	71.2335	0	0.641712	781.893	4.58727	0.55875	0.906015	-0.0517951	-0.989924	0	0.00130992
6394111699317909566	56.5062	3.89422	4.77497	1015.88	3	185.418	108.861	-0.740389	1.58778	239.567	0	3.05328	686.761	4.95501	0.876963	1.77598	0.453425	-0.735953	0	-7.83945e-09
6036896184030635827	223.834	5.25365	5.77504	2787.35	2	297.284	135.565	1.75472	1.33127	180.031	0	0.550564	960.096	0.912381	2.90152	0.79908	-0.98643	-0.997278	0	2.42757
13631196907493063126	1213.05	2.46394	2.89705	761.787	3	625.36	78.8762	-1.41203	0.576426	44.1024	0	0.376845	997.667	5.40571	3.1073	2.36057	-0.284229	-0.999374	0	5.77665e-05
13275371883006794967	134.908	4.86704	4.91196	514.832	2	65.0659	31.4355	0.739579	3.08911	175.714	0	1.14878	538.229	0.0949374	0.992102	0.344532	0.813695	-0.99996	0	1.22107e-05
17761731200699950833	175.729	4.83499	5.67358	749.987	3	120.862	36.3501	-0.304608	3.49189	104.724	0	0.6894	446.669	4.94813	0.333435	3.18226	-0.753295	-0.998457	0	0.226265
13042967254939483339	51.6405	5.00398	5.65054	578.972	2	68.708	32.3353	2.19716	2.13768	91.1464	0	0.453093	294.277	1.58225	2.77879	0.805963	0.981691	0.997915	0	0.00154005
11298888197606765628	144.168	5.19414	5.23726	641.262	2	53.8331	42.7354	2.2048	5.8376	33.2462	0	0.554296	372.426	4.76655	3.18032	0.173315	-0.101236	-0.807385	0	0.15354
3806159543764764865	104.528	5.32359	5.30385	610.335	2	54.3073	33.6914	0.872986	4.53457	101.746	0	0.756794	342.446	2.39443	2.01527	1.76669	-0.946004	-0.934473	0	3.37687e-05
979458548897200073	244.437	5.28317	5.32527	1124.69	2	96.2378	67.1925	2.47029	5.10793	52.6451	0	0.0581183	479.135	5.18834	3.08442	0.166993	0.6144	-0.796933	0	0.000161319
9761888390068879710	335.504	3.64445	3.63687	701.45	3	128.547	104.857	1.06953	1.22805	204.911	0	1.06061	625.872	4.77201	2.64889	0.0916012	-0.825905	-0.976949	0	0.00022672
7535467494925562895	273.737	3.55253	4.71686	1297.3	2	362.082	125.745	-0.0801367	4.1831	178.266	0	0.599339	884.255	3.88472	1.29452	1.43429	-0.521022	-0.997456	0	0.294099
2586568024114053558	301.597	5.20924	5.64839	2557.36	2	273.898	129.673	1.47878	1.58394	145.149	0	0.293603	719.089	1.94043	2.285	1.18809	-0.766656	-0.996901	0	0.0001004
9138730180591128371	180.749	4.11729	4.88008	1158.5	2	172.988	122.743	1.03152	2.87782	106.866	0	0.486586	573.578	1.80366	1.55672	1.39725	-0.0379966	-0.808902	0	0.00086146
9660441731815678488	350.154	4.10577	4.10037	1068.61	6	237.692	81.6965	1.25711	2.02828	262.428	0	0.983929	1129.66	6.16229	2.34654	0.890382	0.685641	-0.989776	0	7.25125e-05
16873610096905378450	231.006	5.0335	5.09801	1307.19	5	133.879	83.887	1.01614	0.0205407	94.7614	0	1.37399	527.726	5.54524	3.2135	1.00592	-0.839415	-0.914725	0	3.26746e-12
4320099112075083257	469.141	2.65186	3.44144	667.731	4	441.228	64.6171	-0.719509	1.65639	251.084	0	0.10656	1191.55	3.72937	0.778305	2.14868	0.612621	-0.990995	0	2.63425e-08
9214969918341058717	313.124	3.21367	3.20572	505.999	2	196.505	56.5596	1.07834	2.71428	167.846	0	0.53838	608.786	0.696643	1.27657	0.107737	-0.310138	-0.999324	0	0.0634399
9587373348821426244	25.1728	5.84917	6.29054	1440.71	2	78.5261	75.87	0.635564	3.38432	292.008	0	0.115188	553.185	1.98634	1.16415	4.13495	0.156653	-0.730022	0	0.442849
17047342208552844044	194.682	4.84692	5.0427	750.316	5	100.55	43.9194	0.115448	1.60235	130.77	0	0.194947	727.327	4.86687	0.66154	2.51853	-0.975193	-0.697228	0	3.46528e-10
13393802058028934855	151.069	3.25242	3.4941	518.072	3	111.553	94.8783	0.839149	3.62156	170.296	0	0.893843	595.423	4.81504	1.2224	1.38458	-0.993292	-0.966064	0	0.00338238
168776739866812068	144.399	5.07202	5.6328	1046.77	2	133.425	50.8129	1.5987	2.88173	139.299	0	0.200283	396.427	2.29298	1.77801	0.406883	0.590421	-0.887568	0	-7.71126e-06
8259514706445448343	109.11	4.09592	4.66579	896.27	4	157.278	83.1378	-0.330341	0.952956	101.459	0	1.29714	592.049	1.05947	1.85622	2.18588	0.990739	-0.939396	0	4.01617e-05
10350130367647136537	130.382	2.69347	4.05229	818.075	3	281.431	140.705	-0.481433	3.39798	84.6295	0	0.802516	769.636	4.38037	0.795277	2.43319	-0.341221	-0.548452	0	0.00337897
7212239879681835853	188.473	3.48249	4.05987	853.973	2	151.205	143.581	1.01453	1.538	152.438	0	1.35227	559.168	5.26912	1.38254	0.276656	-0.948595	-0.987152	0	7.11008
3865759009766373161	248.905	5.38376	5.93071	2961.63	3	220.408	181.326	1.2101	0.741286	116.592	0	2.02128	710.439	5.01838	1.7937	0.818029	-0.263922	-0.99126	0	5.94482e-13
12969170240112217011	532.487	3.70205	3.7928	1182.58	2	385.503	92.2453	0.609193	1.61861	250.143	0	1.32221	968.238	3.25071	1.05001	0.000474732	0.999622	-0.999227	0	0.473734
14699881755352998075	393.501	5.47908	5.87282	1795.33	2	278.71	48.0353	1.64206	0.791619	88.5137	0	1.19859	510.043	4.21314	1.6441	0.282974	-0.942596	-0.960076	0	4.43295
7678602329951244051	25.296	3.71693	4.58072	622.483	2	125.409	71.8521	-0.576223	0.972287	48.0396	0	0.645151	354.157	1.08945	1.02849	2.28445	0.811464	-0.925868	0	5.40617
12031247606155840125	108.485	4.58301	5.17556	595.2	2	71.3172	49.9392	0.14791	3.5576	125.301	0	1.83459	327.658	1.59003	1.98703	0.468777	-0.919245	-0.958508	0	0.000462257
15967773980490214903	585.808	2.83667	4.00731	804.263	2	433.697	77.9578	0.158883	0.895321	64.3673	0	0.446186	777.124	1.83106	0.647794	0.950556	-0.999054	-0.968428	0	0.383231
15420805577315083407	201.417	3.35823	3.83643	515.503	2	180.928	49.8	-0.597234	0.317027	56.2403	0	0.753738	407.393	5.00683	2.47487	1.85404	-0.863665	-0.970636	0	1.9732
14796139563653609884	218.558	6.11802	6.15011	1309.89	3	95.2908	39.7715	1.71058	2.01304	150.051	0	1.89373	403.886	5.37774	2.15368	0.420994	-0.334529	-0.929598	0	0.921143
7256789024397357787	260.72	4.97743	5.47984	1556.97	2	250.782	65.9375	1.50271	1.08149	74.8624	0	0.0999464	537.983	0.36706	3.00668	0.905511	0.789189	-0.999693	0	2.65649
823218561801222935	45.294	3.89421	4.41347	524.857	2	90.0372	60.9758	1.21128	1.91246	179.975	0	1.12268	452.53	1.06577	2.74767	0.0481784	0.699303	-0.994238	0	0.00073681
17345873703919063023	1734.47	2.80525	3.02925	703.257	2	899.616	33.335	0.837103	0.116742	55.1377	0	0.917536	1362.2	6.12469	2.05316	0.110229	0.948461	-0.999567	0	1.07825e-06
13928362975947021228	91.9037	3.98893	5.01076	813.256	2	154.307	76.4076	1.35042	1.53151	84.5603	0	1.1888	527.928	4.54451	2.20805	0.173762	0.472854	-0.864611	0	3.45499
13193227786096524916	131.091	4.30533	5.11911	1821.54	2	244.58	178.406	0.697585	1.78787	150.661	0	0.97519	763.555	2.55614	1.54725	1.37744	0.999182	-0.999401	0	3.94638
8007856644051620103	451.134	3.64434	4.11573	1218.56	5	314.269	121.225	1.01809	3.4965	195.598	0	0.649114	1108.18	1.2649	1.3319	0.164955	-0.420465	-0.996897	0	0.000585148
18438235910473825197	93.8034	4.40355	5.05694	576.944	3	64.4761	61.3894	-0.154299	0.855351	51.8174	0	0.639192	381.433	5.10182	2.65586	2.03446	-0.226753	-0.41272	0	1.58564e-09
123720770937876766	315.092	4.5553	4.91489	1179.73	2	284.818	51.0038	1.49361	4.76438	178.225	0	0.566731	670.587	5.45968	1.51412	0.580958	0.0976866	-0.999881	0	0.564196
14291898582832059002	291.41	4.9117	5.35298	2257.27	2	279.74	132.98	1.318	3.19092	183.974	0	0.285975	746.994	1.78378	1.36111	1.11511	-0.532421	-0.995868	0	0.526828
6596970239565708795	118.091	3.91583	4.4557	698.398	3	181.556	52.2029	1.46591	1.67201	110.684	0	0.382476	710.531	5.88816	2.01266	0.0244656	0.858276	-0.982364	0	0.140115
7582408169315813875	186.708	3.67674	3.68261	539.348	3	103.052	74.3212	0.461843	1.33634	203.113	0	0.784539	722.312	5.70177	2.58241	0.732096	-0.59333	-0.999455	0	1.89154e-06
5078989249672370027	161.774	3.0386	3.78246	1141.1	6	302.806	192.966	0.189551	3.42799	147.531	0	1.0426	1034.39	1.70244	1.92243	1.01082	-0.345735	-0.924086	0	1.44929e-07
1431679104282965604	648.637	4.79311	4.92939	2546.38	5	237.777	227.373	2.12139	0.948059	110.137	0	0.377234	1178.49	1.57952	3.16132	0.218834	-0.994848	-0.98985	0	-0.000129302
2904979894004169832	47.6052	4.91781	5.49721	501.523	2	45.5116	39.8182	0.419422	4.25591	104.072	0	1.66091	230.127	2.41672	2.21602	1.23835	0.132999	-0.993298	0	0.720615
15625355542559649855	339.658	4.81285	4.82878	859.189	2	160.452	37.8697	1.68688	1.36962	75.8863	0	0.796761	446.581	2.19219	2.77768	0.270159	-0.0832092	-0.990445	0	0.237243
16592887549937781811	479.136	3.6791	3.67694	1167.09	2	303.402	118.868	1.60136	0.0707805	72.857	0	0.44084	951.746	4.10738	3.37129	0.0733932	-0.389071	-0.999901	0	0.723002
2896320371972551340	171.354	5.74675	6.53238	2511.94	2	191.639	104.435	2.34665	2.57475	62.5593	0	0.855661	476.802	5.25568	2.949	1.06777	-0.0892329	0.810374	0	6.37738
9950268115107098999	286.729	3.59429	3.61613	500.415	2	144.962	49.1382	0.462975	0.1795	189.413	0	1.95487	568.094	5.57841	2.70289	0.448627	-0.352247	-0.99675	0	0.000131674
6431664370735809742	298.383	3.19863	4.41508	1684.79	3	407.552	261.956	-0.621358	1.44896	126.32	0	1.57665	1061.2	2.21196	2.27217	2.00473	-0.695426	-0.998193	0	1.82934e-06
10472200530802344820	225.356	4.39155	4.64444	640.096	2	144.506	35.1358	-1.32823	0.469169	85.5467	0	1.34923	417.049	6.0572	2.73913	3.26951	0.916207	-0.934962	0	4.82702e-05
11633236324531594181	856.202	3.44383	3.493	808.004	2	599.85	36.4427	1.39369	0.770849	195.529	0	0.212278	1305.81	3.49719	2.93616	0.166227	0.707671	-0.99994	0	0.119036
7155407710187790419	88.3548	3.7376	4.79177	842.975	2	139.967	115.273	0.838331	2.89458	109.527	0	0.970058	641.616	4.45411	1.01533	2.56044	0.168083	-0.90756	0	0.00183159
12789798796821089876	107.798	4.98755	5.81492	1193.72	2	164.099	58.4211	1.18349	0.903035	87.6992	0	0.996121	481.216	0.96569	2.97635	1.1944	-0.40853	-0.991544	0	1.8994e-05
1185936692222697919	684.51	3.83274	3.95041	1455.2	3	314.666	149.181	-0.0578793	0.186435	30.4362	0	0.241504	829.946	0.652301	2.94923	1.79611	0.442291	-0.988949	0	0.362996
16663857518551898640	130.062	4.94939	5.36162	841.555	2	81.3188	61.2934	1.98805	0.826499	37.446	0	0.502459	244.561	0.913321	2.77238	0.111674	-0.826176	-0.618644	0	1.35448
17667227813117159080	269.027	5.874	5.99214	1537.66	2	121.726	54.5962	0.160039	2.57693	86.1324	0	0.0386253	483.863	2.6297	1.72143	3.41534	0.957947	-0.895047	0	1.60983e-07
7127985363544820601	249.419	4.20708	4.73162	1121.03	2	215.061	85.3351	1.95091	3.31215	143.532	0	0.296442	698.089	4.53396	2.27479	0.154949	-0.926218	-0.992541	0	0.000803336
4157783825858079851	387.067	6.00649	6.01992	2999.89	2	278.445	79.9333	2.22827	0.40867	164.153	0	1.50649	873.608	4.60813	3.67002	0.578573	-0.695017	-0.997673	0	-1.13217e-11
13557495152172402832	193.044	4.16205	4.80353	1190.37	2	168.485	127.965	0.541616	0.862061	45.1877	0	1.19361	418.62	2.73235	2.6718	1.16762	-0.564102	-0.638278	0	4.77519
4214167869710435685	203.609	2.80004	3.61635	776.031	3	210.357	159.634	-1.99558	4.43988	217.947	0	1.83761	740.62	0.724894	1.03651	3.01754	0.145259	-0.944819	0	0.000157609
17603157437153671069	141.703	4.64724	4.87733	652.768	2	86.085	47.3746	-0.864409	3.72327	102.764	0	1.09954	404.28	4.96545	0.990551	3.94032	-0.738515	-0.993398	0	1.98812e-06
3551576720091369455	475.719	2.66709	3.4702	1113.73	2	337.39	234.012	-0.911776	4.7989	76.0302	0	1.58602	820.895	0.20025	1.87177	1.53732	0.915219	-0.999956	0	1.11572
7006605778644410955	111.798	3.79237	4.72738	541.647	3	100.585	62.8318	0.533802	3.36584	80.622	0	0.594344	347.293	3.12921	0.836133	2.54985	-0.469391	-0.90288	0	0.981539
2590515744832808942	118.105	3.72671	4.81332	686.935	4	180.868	59.8634	0.44314	2.06562	161.621	0	0.755875	579.297	3.72378	1.19085	1.4445	0.81305	-0.827846	0	1.27346e-05
11620156037750860635	513.807	2.51705	3.41422	800.063	5	531.646	86.6062	-0.936212	1.15164	247.197	0	1.233	1308.81	4.88318	0.861189	1.23259	-0.997178	-0.999694	0	1.0417e-06
645305370718605353	248.632	4.6873	5.09303	1434.56	2	210.451	89.3367	1.65203	0.848052	88.1232	0	1.07189	578.452	2.29952	2.75952	0.475747	-0.724543	-0.970731	0	0.000133074
7775854457699991640	172.93	3.65381	3.89676	586.792	2	97.2842	92.466	0.23535	2.19324	234.245	0	0.446915	557.146	1.98491	1.94974	2.02919	-0.860457	-0.995165	0	3.51356e-06
6931598137306500759	23.5169	3.94894	4.85227	825.876	2	120.716	104.85	1.78244	4.44961	79.6236	0	0.172934	550.873	2.89368	2.21362	0.454037	-0.658472	-0.097188	0	0.000607856
1532891472507246845	171.654	2.91662	4.25053	2609.75	3	622.973	532.066	0.375009	1.36514	140.178	0	1.58197	1746.8	6.13621	0.572886	1.0307	0.160273	0.638864	0	0.407718
9266316811797968348	90.1378	4.47008	4.79859	812.897	3	118.366	63.3618	0.907352	0.857051	67.9226	0	0.584319	538.211	4.77049	2.7848	1.2165	0.837754	-0.931578	0	2.15708
12212154025708683645	6.77461	3.10343	4.06276	582.242	4	123.793	113.433	1.20862	1.43017	71.2952	0	0.435519	539.513	1.18626	1.45722	0.320309	0.765363	-0.390339	0	0.000360368
16366602825585604535	144.124	2.76279	3.85216	755.326	2	221.01	145.405	-0.819924	1.70901	116.169	0	1.35174	581.892	5.08697	1.27389	1.47637	-0.764057	-0.901134	0	5.56402
11908283641311191985	262.62	6.70148	6.69383	1951.08	2	114.623	40.9155	2.10538	5.0884	115.987	0	2.23147	335.651	0.320693	3.25616	0.346568	0.864013	-0.993202	0	0.0605545
1443488196144392003	21.0664	4.48939	5.31389	895.441	3	119.136	73.9267	0.243578	1.21386	94.1655	0	1.86287	400.362	5.588	0.328626	1.53884	-0.157952	-0.979466	0	2.68581
12496901010007789430	245.127	3.1672	3.83814	690.528	2	238.368	80.1542	0.764518	3.32969	192.16	0	0.497157	768.897	3.52566	1.29145	0.388292	0.0318984	-0.983245	0	0.00104295
7211828088951796991	228.023	3.88077	4.7685	643.168	4	110.325	74.3592	-0.49622	1.14055	55.6785	0	0.807105	490.945	2.28104	1.13671	1.99738	0.959262	-0.90107	0	2.13219
8719966120840334652	77.4684	7.04641	7.50916	1553.6	2	61.5287	34.0915	1.88613	3.78219	52.845	0	0.313841	315.371	1.93677	2.14049	2.6207	0.539659	0.938121	0	12.6696
10038405214666055653	367.296	3.51963	3.65274	566.878	3	196.658	49.8691	0.747136	0.802229	69.3675	0	1.3498	629.525	2.2078	2.42284	0.467475	0.401532	-0.804424	0	0.000835431
2516009550635989311	104.375	5.82214	6.21984	733.562	2	43.0933	36.8359	0.637768	2.80592	117.925	0	1.0213	289.93	3.44003	0.636357	3.24421	0.514409	-0.984941	0	1.1059e-05
8593693708054883678	140.262	4.00036	4.79814	1046.17	2	196.371	98.7874	1.00666	4.27172	126.569	0	0.870005	508.164	0.362273	1.91895	0.592083	0.972978	-0.998406	0	3.56681
3688650173727798671	221.531	4.85314	5.2198	1307.31	2	214.458	61.8018	0.203153	3.52531	361.023	0	1.27141	735.953	4.10629	1.21179	1.89304	-0.967835	-0.994995	0	0.382224
10069916716873675017	526.804	4.43668	4.67653	1612.6	3	225.611	136.51	0.619438	4.71859	52.8467	0	0.710675	700.301	5.97839	1.87369	1.62748	0.685005	-0.924941	0	0.000121935
5240638322323444497	209.149	2.58657	3.99033	1801.49	2	527.164	400.442	0.411656	0.206147	64.8744	0	1.05829	1111.91	5.38004	1.41852	0.358581	0.810893	-0.933552	0	0.49124
16247359762944760090	135.231	3.59357	4.49262	825.822	2	169.769	105.136	1.15613	5.25473	42.3837	0	0.212933	528.483	5.64282	1.42841	0.650536	0.55622	-0.970286	0	3.26207
1502488722061556608	183.908	5.03862	5.09344	678.339	2	91.8405	32.7339	1.19533	1.66777	117.434	0	1.75316	397.545	4.14087	1.71209	0.945518	0.132339	-0.941619	0	0.17909
9218008568021192198	272.787	5.47271	5.80862	1395.62	2	231.802	35.1723	2.26769	1.57723	120.593	0	0.468699	595.853	1.44714	3.10874	0.457046	-0.96221	-0.98976	0	6.50988e-05
4022776655589008670	93.7653	3.60798	3.64421	600.836	5	112.229	91.1217	0.65046	2.33754	104.476	0	0.25128	758.344	2.24818	0.928889	1.34063	0.92609	-0.730722	0	5.93222e-10
14455003012299457179	94.6086	4.46053	4.9641	924.77	3	164.295	59.2826	-1.51093	4.61127	58.8264	0	0.931044	640.598	0.8216	2.45903	3.76381	0.995037	-0.688609	0	6.56208e-05
12432440867332755245	513.58	3.18196	3.75306	1365.46	2	353.663	210.454	0.426823	0.22712	109.546	0	1.37998	777.098	0.730028	2.35794	0.725927	0.257634	-0.999571	0	4.41949
16597748626361196947	322.167	4.14534	4.70012	1602	2	208.745	190.921	1.42658	1.02087	36.9464	0	0.645627	485.649	1.43494	2.2516	0.206273	-0.868391	-0.847222	0	-4.30811e-05
4235157938293770957	283.651	4.33175	4.73328	925.614	2	242.75	45.9509	0.744394	1.16404	175.782	0	1.36873	716.639	5.33229	1.29811	1.14904	-0.841016	-0.984013	0	1.67046e-09
16154004836573073238	44.1913	4.4464	5.287	564.841	2	70.5988	51.7115	1.95282	1.82343	56.5372	0	0.234986	336.998	5.62598	2.2825	0.217451	-0.438924	0.742011	0	4.80969e-07
2117092043607022341	112.364	4.2049	4.82061	861.571	2	105.563	102.506	2.06014	3.47444	99.2284	0	0.0350244	345.458	2.74149	2.40645	0.571774	-0.459585	-0.851909	0	0.000486481
6358742971549165110	528.398	4.05072	4.98598	2124.76	2	514.176	147.687	1.17835	0.381207	36.2997	0	0.0375199	1190.26	3.9087	1.20386	0.828173	-0.508484	-0.958437	0	3.98576e-05
14166231830566762080	180.415	4.81356	4.89356	641.285	2	95.8022	35.1727	2.04678	1.67767	71.3177	0	0.312299	273.052	0.829589	2.66802	0.509903	-0.880019	-0.886574	0	0.542033
7708740824407014562	201.238	3.86433	4.75221	528.208	2	159.525	35.2327	0.960206	0.696898	29.9286	0	0.203477	550.022	5.61505	1.0305	0.900627	-0.502979	-0.967574	0	0.0209545
432798344583505888	38.9652	2.82266	4.08007	626.225	6	161.778	127.963	-0.910999	3.1228	239.311	0	0.862024	901.928	5.98342	1.27127	6.43457	-0.979641	0.0869788	0	9.36334
5557511646024432399	116.626	5.74819	5.70883	636.805	3	37.3558	34.7502	2.15547	2.82556	65.0618	0	0.413097	318.65	0.708703	2.15297	1.89703	-0.632274	-0.629629	0	0.00140697
65028450106720890	114.413	4.22354	4.99853	864.334	3	104.546	101.848	1.12905	1.71514	71.1724	0	0.136215	425.453	0.982467	1.81777	1.24631	0.99946	-0.999669	0	8.12628e-05
12182843417513359529	398.153	3.51075	4.11031	582.306	2	245.969	39.7031	0.656222	0.447184	44.7344	0	0.594553	526.219	4.25665	1.55916	0.881921	0.185222	-0.859643	0	0.000398266
1124975256877831849	126.818	3.42777	4.48869	729.792	2	151.836	106.15	0.930523	0.0992809	24.3721	0	0.516913	618.311	4.61632	2.08539	0.43225	0.482076	-0.999739	0	1.655
2762129722057957096	134.987	3.41679	4.09833	521.447	5	97.8312	86.502	-0.0528789	3.38158	60.0839	0	0.339194	568.373	5.88086	0.656469	2.62332	0.482391	0.44141	0	0.84822
13732553018854598928	310.427	5.1294	5.38184	1465.53	2	253.967	49.9386	1.21885	2.68843	195.431	0	0.0843891	840.863	3.15085	1.50782	1.52127	0.94656	-0.982895	0	-1.96831e-11
12861881490427030931	153.115	4.93358	5.15006	624.137	2	90.66	30.8681	0.957407	0.912195	47.8303	0	0.369473	462.869	5.14553	1.19996	1.31381	0.81343	-0.848301	0	0.343195
2530319191080451116	28.6975	5.00529	5.6924	805.878	2	86.6634	49.5976	2.32152	1.50502	68.5206	0	0.0362969	371.841	1.67722	2.64116	0.1746	0.831047	-0.992121	0	0.000307642
4120270763283007273	120.202	3.74729	4.73151	1340.1	3	206.27	196.096	1.80815	2.10327	67.3526	0	0.129041	664.971	3.72095	2.12587	0.320135	-0.124439	-0.584973	0	5.4777e-07
17524299973801206173	173.65	4.5665	4.97502	753.782	3	81.6518	71.6661	1.60936	5.31992	50.426	0	0.770638	416.768	4.52188	1.97041	0.492181	-0.53576	-0.411081	0	16.6511
15052782888903273145	619.68	2.77418	4.03212	996.761	3	420.598	130.508	0.977813	0.711493	20.9091	0	0.0527211	779.328	1.44299	0.997014	0.421282	-0.943459	-0.98844	0	0.00114837
15064599918440287648	52.5173	8.27907	8.4999	2652.27	2	43.9529	40.6059	3.25285	2.20197	79.7509	0	0.0387299	200.29	5.03848	3.28863	1.34744	-0.230096	-0.947471	0	4.89104e-06
17328255787494545148	274.426	5.27907	5.8917	1788.06	3	188.997	85.4136	0.871962	1.21641	104.649	0	1.97415	631.134	4.55416	2.21659	0.53126	-0.997697	-0.99481	0	1.47152
7943275230237939662	93.8826	2.99038	4.03017	1344.5	3	292.769	283.704	0.736064	3.12612	165.044	0	1.05385	915.576	5.48569	0.959207	0.580595	0.997057	-0.76863	0	2.11866
3660239501187495731	91.7239	3.61048	4.52191	1019.41	2	166.529	160.387	0.437224	5.00758	61.9908	0	0.39224	626.199	1.47121	0.947822	1.36277	0.462817	-0.942108	0	1.86751
9142729004698664990	80.0212	4.10944	5.08959	875.198	2	117.756	103.262	0.623844	1.50532	55.7964	0	0.654294	447.187	1.68843	1.27608	1.47383	0.878844	3.35962e-05	0	2.1917
10235074137723633960	270.243	4.32928	5.01415	1221.83	2	185.426	103.709	0.326864	2.0575	88.7974	0	1.93212	579.689	5.55927	1.99989	1.97688	-0.0833156	-0.984796	0	0.0004912
7899516384752986140	82.9713	5.68035	6.24049	983.181	2	76.6843	42.7365	1.21444	1.7621	75.6103	0	0.471869	268.252	5.78632	1.7286	1.39757	0.14442	-0.358946	0	3.5486e-05
13353471230423434820	93.9621	4.37179	5.22077	920.193	2	138.594	75.1506	-0.242659	3.4465	154.822	0	0.84838	447.909	5.59712	1.71554	3.8627	0.770993	-0.884635	0	2.97139e-07
973730650609876774	133.006	3.66084	4.6843	819.683	2	187.525	87.3376	0.781564	2.61736	149.49	0	1.69436	509.595	3.75875	0.896266	0.0429401	0.886057	-0.984451	0	0.315164
3879665747612987861	441.524	3.43562	4.05326	1483.88	3	465.742	145.639	1.44659	4.30314	181.789	0	0.307507	1204.85	4.11977	1.67777	0.0936135	-0.807802	-0.97062	0	0.000108425
5579894403656676958	379.748	3.27471	4.08861	871.584	2	363.046	74.5177	0.962819	5.10625	162.273	0	0.427919	862.528	5.95834	1.89074	0.313225	0.934626	-0.999037	0	0.00322967
7818085496885853508	205.492	4.30701	4.69212	1372.33	3	185.971	135.304	1.21105	2.63557	242.03	0	1.33469	619.673	4.50895	2.24159	0.485515	-0.709177	-0.999527	0	2.76281
17142366274901605827	50.8717	3.43157	4.28467	560.095	4	179.674	53.1715	1.27957	5.04932	94.6897	0	0.859022	546.379	3.49523	1.644	0.115965	-0.871174	-0.68164	0	0.00078412
3857347197175766745	186.173	4.53875	5.29401	1013.89	2	185.876	57.8567	1.41331	1.18352	52.814	0	0.189401	402.354	1.5953	1.48121	0.745993	-0.939931	-0.968941	0	2.52879
4869527642334931282	99.3648	4.12804	4.69719	527.164	2	75.0058	58.3873	0.592385	1.44966	88.5098	0	1.44584	341.482	3.14419	2.34306	0.482313	-0.496676	-0.628028	0	0.431741
11761391665999167070	81.3323	2.81857	4.16109	517.507	2	151.333	93.7496	0.0369761	1.39479	82.4246	0	0.41197	453.856	4.21239	1.83129	1.2482	0.996824	-0.952839	0	0.00204817
2937479336931109904	203.006	5.48721	5.87508	995.521	4	68.4832	59.5793	1.76746	1.76011	74.5202	0	1.75167	402.84	1.65644	2.06666	0.864809	-0.575981	-0.997656	0	0.205111
15055777829837391342	586.683	4.60982	4.71497	1710.01	3	178.238	164.892	1.93653	0.76851	46.1487	0	0.447839	589.64	1.85127	3.02421	0.00626357	-0.676544	-0.957796	0	0.642822
12068084851875423281	144.696	2.79219	3.97036	1781.18	6	495.398	350.074	0.74447	0.1324	34.8377	0	0.656997	1444.8	5.1479	1.67539	0.411517	-0.838503	-0.993486	0	0.00196993
4148522718330810164	154.437	3.44726	4.59169	630.322	2	163.717	72.4644	0.187764	2.75074	71.5399	0	1.45107	385.637	3.13535	0.807299	2.36889	0.9502	-0.912764	0	24.7114
14059686307201958293	1058.7	2.9334	2.99089	1335.64	3	493.321	209.369	0.46954	0.141911	56.4359	0	0.2974	1422.55	4.37062	3.04731	0.944181	-0.913151	-0.997688	0	0.000393344
15885123985633622886	54.7196	4.02935	5.03493	1652.69	2	220.451	212.49	1.49729	0.396475	32.7528	0	0.844576	747.962	0.0680454	1.79972	0.20215	-0.9468	-0.918527	0	8.35542
4935691228717018420	70.0668	3.93353	4.48556	795.113	3	113.309	106.131	-0.985744	1.55733	138.26	0	2.31392	449.358	6.19971	1.98258	1.9772	-0.6539	-0.796454	0	0.000656215
17539832709653566885	105.461	4.66432	5.04877	1012.76	2	123.509	77.6105	0.618811	3.2194	214.245	0	1.37476	567.05	5.31199	0.924133	2.12128	-0.525171	-0.992331	0	9.04173e-08
18068348629439088513	958.09	2.41444	2.48709	764.441	2	367.814	165.065	-0.00699813	0.89488	65.1421	0	0.287179	835.361	1.11203	2.3364	1.04241	-0.776579	-0.993908	0	0.179437
14522392219522429321	565.518	3.61402	3.73045	648.049	2	383.072	30.3471	1.23817	0.482559	92.2024	0	0.898533	885.057	1.78804	2.52697	0.231896	-0.980939	-0.992494	0	0.409179
6639596922148072137	944.414	4.47657	4.66137	1549.8	2	499.73	54.9218	1.66907	0.947994	53.0303	0	0.189851	806.609	0.858666	3.1084	0.405368	-0.255415	-0.997327	0	0.000123062
14949063883807616210	95.0865	3.56572	4.22521	1305.52	5	256.424	180.618	0.112977	2.07732	66.3952	0	1.22938	904.845	6.02987	1.09618	1.74383	-0.994677	0.606165	0	0.000117799
10319576903052670339	3059.64	3.10779	3.33244	1207.82	2	1637.99	40.7146	0.336105	0.363732	49.965	0	0.304915	2068.59	0.104684	2.90021	0.980102	0.979028	-0.999993	0	-4.92759e-05
3918069666880568363	459.185	3.31222	3.31146	628.813	3	153.75	100.064	0.355533	0.665604	112.216	0	0.96284	659.721	2.22366	2.90147	0.699612	0.191844	-0.99983	0	6.40145e-06
9603015554763567857	71.8715	4.07435	5.06806	2429.89	2	350.852	276.557	0.69267	1.32176	94.4526	0	1.16461	868.456	0.604924	1.51892	0.866581	-0.924556	-0.907265	0	0.917532
1329668990986373793	99.1034	3.19622	4.3482	580.748	2	136.563	92.9539	1.23338	3.48188	113.403	0	0.131295	508.293	6.13391	1.6348	1.73736	0.947015	-0.96158	0	-0.0494476
1751870586348397082	315.597	3.5557	4.22754	704.338	2	329.214	41.3096	-0.782147	0.596457	328.976	0	1.72853	756.102	0.893473	0.969201	1.94818	0.938586	-0.99872	0	0.0825326
4728173157451700728	314.514	5.64367	5.687	1432.6	2	158.717	46.0005	1.87407	0.480835	28.8063	0	0.354813	341.157	0.245587	3.31651	0.731041	0.773156	-0.996409	0	0.0572252
9126294386386554566	525.722	2.77787	3.98863	2051.61	3	732.691	317.799	0.645138	1.33234	174.682	0	0.421992	1849.67	0.58669	1.52282	0.364757	-0.289459	-0.947745	0	0.140431
156832283297698491	38.534	3.71136	4.82825	1622.95	4	288.779	211.563	1.7208	3.17414	59.0296	0	0.178714	791	1.87323	2.15983	0.348703	-0.621075	-0.283292	0	4.46194e-07
9398212264381714095	56.8009	3.1983	4.39409	822.734	2	170.205	149.784	-0.295064	3.26305	87.3395	0	1.59492	441.709	5.69863	1.71703	3.21477	0.378042	-0.167719	0	1.44212
2096424917152151416	83.6514	3.74551	4.64418	1331.21	2	203.935	196.324	1.63294	3.4792	118	0	0.423424	684.976	0.613681	1.63826	1.50715	0.404067	-0.992939	0	3.76695
13839509176312714107	51.8141	5.35557	5.97105	1422.39	3	136.693	69.2724	1.6143	0.684084	49.1049	0	0.792748	531.523	5.03784	2.84578	0.827012	0.997093	-0.620484	0	2.36185
5636152925780734529	171.731	4.35467	4.46027	905.36	3	121.724	87.4897	1.28193	4.64302	196.03	0	1.36949	652.54	2.79241	2.61946	0.428578	-0.701059	-0.99959	0	0.000110588
7808030641039298688	497.564	3.61613	3.7952	733.108	3	264.831	55.4707	1.15874	1.23563	45.0839	0	0.0878274	861.58	2.34387	1.84105	0.803289	-0.0345738	-0.999549	0	0.13011
15249734527919433034	169.202	5.04536	5.19929	1131.72	2	172.689	47.8787	2.00165	5.29119	102.404	0	0.00118135	526.291	2.35255	2.66748	0.520941	-0.790944	-0.995979	0	1.67242
4052513824884839544	204.355	3.44695	4.34965	889.483	2	254.688	93.3828	0.507688	1.51358	169.746	0	1.56113	689.036	2.04523	2.43912	1.18363	0.365266	-0.900352	0	-7.59924e-07
2570721227533254810	403.679	5.26075	5.48566	1771.18	2	306.986	53.0025	1.81682	1.93766	183.912	0	1.09571	702.967	4.88113	3.16159	0.588369	-0.99357	-0.996907	0	6.47875e-09
8817597203484768858	658.208	2.71635	2.71344	527.373	3	213.101	97.3701	-1.26205	5.35585	52.2087	0	0.450245	806.509	5.50037	2.33989	2.59133	0.213064	-0.985643	0	0.538264
17932818853119212259	185.561	6.6156	6.61535	1725.76	2	130.51	30.626	2.80462	0.166539	37.5474	0	0.460141	346.939	5.42155	3.9869	0.304343	-0.833527	-0.999061	0	1.25207
15921934140191311804	34.6581	5.04278	5.79843	637.862	2	64.9967	39.8709	1.61597	2.3492	130.37	0	1.45275	401.178	5.2426	1.71544	0.375765	-0.147583	-0.996695	0	1.70857e-08
5094552050085682013	170.791	5.06695	5.61437	851.38	2	132.388	34.0566	0.579719	1.54437	72.899	0	0.668783	388.309	3.28284	1.42453	1.75487	0.339427	-0.912331	0	1.04771e-08
16816246283395655289	707.399	4.13463	4.96974	1452.69	2	486.109	67.2679	-0.12792	0.396683	42.3945	0	0.472864	832.963	5.28813	2.84039	1.86823	-0.191509	-0.988715	0	1.33806
18360474185360889454	445.121	4.48339	4.53304	2041.35	2	283.147	169.103	2.12123	1.87803	403.984	0	0.171673	1094.06	0.56148	2.50856	0.0945002	0.990227	-0.995064	0	1.28011
17196568532343634609	14.4215	5.71673	6.20003	1217.15	2	81.8329	59.228	2.22916	0.252847	48.5887	0	1.18082	419.155	0.893942	2.95383	0.0953592	0.397667	-0.972376	0	0.000101141
17626120266695683484	282.661	2.64868	3.49962	977.544	2	318.29	192.591	1.0908	0.150449	24.3765	0	0.355802	860.248	3.77333	2.13331	0.138565	0.980126	-0.9264	0	0.193227
2912411852977574481	234.524	5.15096	5.54441	1897.18	3	231.457	89.5722	1.58312	1.60309	125.673	0	1.15439	701.013	3.31701	2.35689	0.411742	0.996916	-0.999247	0	7.6775e-05
15005183804367183720	66.718	4.30698	5.11873	653.667	3	94.4804	59.3864	1.70283	3.088	110.415	0	0.678398	529.867	4.74439	1.8878	3.08637	0.588137	-0.999429	0	10.563
8486897195981095864	151.826	4.57488	5.06422	1192.55	2	145.07	99.8346	0.943231	3.1823	107.456	0	0.67363	428.766	1.57225	1.6717	1.67458	-0.818978	-0.967808	0	1.66802
6690563864190974928	217.205	4.59001	5.04718	1206.6	2	134.276	108.84	1.61199	3.91387	69.0371	0	0.834169	518.566	5.33432	1.65664	0.114643	-0.363806	-0.911392	0	0.481871
5046593419435363003	67.4762	5.26446	6.07002	1772.7	3	141.454	113.686	1.68266	0.193903	34.6386	0	0.568464	668.514	5.21832	3.03505	0.740529	0.181767	-0.719208	0	1.08165e-09
5773672778049423896	227.935	4.68494	4.70508	702.304	2	84.0905	55.0181	0.00393523	2.37659	61.2576	0	1.08744	325.866	3.78942	1.99424	2.85975	0.609359	-0.933221	0	0.116617
15809526245295515696	407.867	4.46009	5.00108	2165.92	2	359.77	148.485	0.399847	0.200976	125.95	0	2.01519	778.547	6.1707	2.60962	0.53197	0.786385	-0.951091	0	1.4387
9478862530904764021	75.9581	4.97585	5.67678	558.504	2	67.0002	31.6972	1.41697	2.97478	109.139	0	0.0715187	393.746	5.01858	1.5811	3.0209	-0.0113429	0.889731	0	1.42779
12088362420242155295	256.519	2.97328	3.26613	701.59	3	201.92	125.973	0.0473083	0.846401	42.2217	0	0.212746	592.177	1.68063	2.01959	1.28865	-0.964901	-0.983999	0	0.312581
12269912402709024553	41.2827	4.53518	5.21177	691.24	3	95.4634	52.2994	2.08892	0.939007	27.2168	0	0.224675	336.605	0.400877	2.54107	0.187717	-0.999799	-0.846196	0	0.00016075
16341610198911243591	606.835	4.47002	4.67276	2072.02	2	300.187	164.279	0.527479	1.05471	85.6663	0	0.428115	729.77	5.38331	2.27932	1.63088	-0.415714	-0.991497	0	6.8964e-05
6204140411227838235	135.217	5.15105	5.72538	862.065	3	65.6814	64.8621	0.792973	0.126742	194.902	0	2.92503	578.755	0.232643	1.92076	0.738968	-0.33949	-0.867337	0	6.36111e-07
15657892661297677773	64.9091	7.07389	7.53152	3506.73	3	117.255	88.6769	1.86027	2.80239	83.199	0	0.958785	441.361	6.11663	2.27606	2.82599	-0.920619	0.988691	0	5.36997e-06
7515603742043301014	172.544	6.65706	6.75593	2024.12	2	167.062	31.532	2.30839	0.370164	150.485	0	1.97266	545.269	2.64551	3.11371	0.850344	-0.926204	-0.990885	0	1.10767e-11
16822791124437213931	92.5757	4.05234	5.09426	1249.77	2	188.48	138.773	0.860136	2.96305	113.635	0	1.84074	567.958	0.765284	0.997991	0.774838	0.993038	-0.669645	0	3.65367
4437720536054999688	252.821	2.86559	4.14342	597.974	3	267.404	67.1969	0.986587	0.198184	27.3781	0	0.483948	580.934	6.18344	1.43709	0.194567	0.387688	-0.810367	0	0.168691
1780547278956374645	108.152	3.57673	4.29717	770.624	2	137.319	115.874	0.785021	2.39115	59.3934	0	0.164533	566.698	5.251	1.35936	1.64918	-0.261507	0.343755	0	0.00126828
9566150912380493688	92.4208	2.52119	3.8405	785.609	3	243.499	174.793	-0.491568	0.158091	26.8727	0	0.424489	1034.44	4.0833	1.89929	1.62824	0.906945	0.192861	0	0.0123334
10860910417817046451	571.606	4.26635	4.31532	1501.38	3	236.184	136.685	1.47748	1.41335	126.338	0	0.358064	731.902	1.71169	2.87519	0.690409	-0.991608	-0.993416	0	1.4627
5619974764872782728	116.675	4.31456	5.32458	642.731	3	118.082	45.5334	1.15606	3.17196	112.973	0	1.65956	331.802	2.85435	1.40486	0.40827	0.925742	-0.734762	0	3.07951
1789319933888341109	74.4007	2.6088	3.90861	858.344	3	238.075	198.017	0.218474	3.67568	77.4053	0	0.0475388	684.687	1.03443	1.25584	1.8531	0.713092	-0.878745	0	0.00316462
10360754976907976660	44.5554	5.01647	5.60611	642.785	2	61.9569	43.6572	1.60023	0.779119	33.1147	0	0.0397391	285.525	5.10166	2.28061	0.965113	0.974831	-0.816544	0	0.950839
8514117280853598760	89.5405	3.40627	4.49426	1769.74	2	327.07	297.748	1.17427	1.90866	70.5462	0	0.325008	863.724	1.83206	2.29475	0.385411	-0.0356643	-0.851876	0	0.000500668
14028276486828175318	119.476	3.19334	4.37666	1845.46	3	394.827	326.298	0.59671	3.78375	251.694	0	1.25818	1121.71	5.9635	1.11742	0.792079	0.881527	-0.974339	0	0.522996
1069358754358943503	97.3173	6.4867	6.8732	1459.72	3	71.195	45.5013	2.51096	1.28222	70.7117	0	0.588888	293.69	5.52282	3.15168	0.360848	0.96523	-0.999914	0	3.34145
7006741187482756132	208.773	4.70262	4.69015	658.464	2	80.4699	49.4792	1.90895	0.973067	43.9475	0	0.318425	336.404	1.97939	2.73754	0.457143	0.608937	-0.730664	0	0.0574829
10815507629719657790	134.642	4.28194	4.83658	764.829	2	98.5937	80.5404	1.64354	2.84095	116.457	0	0.339784	367.978	5.48553	1.77941	0.29664	0.998056	-0.668653	0	7.46821
17917318778060617800	49.8678	3.95605	4.9545	1240.54	2	195.218	145.179	1.79437	0.69784	29.7976	0	0.0610874	679.782	0.506168	1.78423	0.162974	0.0355583	-0.978629	0	0.000205063
8146248688956513947	796.761	3.75084	3.7616	1276.94	3	225.95	177.415	1.70758	0.871528	77.8924	0	0.0202792	773.199	2.03051	3.0824	0.122375	-0.502888	-0.974758	0	0.000465627
3238684356237512504	156.318	3.8644	4.91335	829.469	2	176.302	78.2535	0.614468	4.94623	60.4969	0	0.347771	523.786	2.53148	1.65838	1.05837	-0.974363	-0.725423	0	5.12488e-08
16347950117397856045	303.051	3.16175	4.32235	867.723	2	281.841	104.078	0.719258	1.91436	102.224	0	1.33153	500.192	1.12136	1.66165	0.342134	-0.63514	-1	0	0.00170261
8287220987747106026	528.931	5.24494	5.4926	1925.19	2	262.339	74.4175	0.667632	5.79019	95.1529	0	1.61077	696.233	6.09356	2.83104	1.26855	0.9404	-0.995365	0	5.17582e-05
10088438787828975939	442.074	5.06132	5.11088	1797.17	4	191.912	107.62	2.0381	0.985727	54.7805	0	0.414095	670.951	5.76766	2.86834	0.261439	0.300615	-0.988301	0	0.370901
9844930303125139721	78.9718	3.28445	4.53015	787.87	2	180.223	119.72	0.941443	1.05084	37.3309	0	0.0221616	506.427	1.73948	2.31682	0.742311	0.576364	-0.89092	0	0.00146094
17884143855993172053	296.372	3.99669	4.45652	884.516	2	212.16	66.5699	-0.899026	1.0634	176.642	0	2.10256	636.458	3.40062	1.46513	2.62024	0.660739	-0.99161	0	7.86389e-05
18266287973714120559	264.254	4.28824	4.52143	946.371	5	170.318	72.2962	0.249253	0.170637	21.7494	0	0.611992	654.746	1.61102	1.31673	1.61756	-0.462178	-0.196553	0	0.806296
10628868266332275754	68.6119	5.74518	6.22538	979.907	2	60.8508	50.1675	1.9155	1.90342	59.5657	0	0.307877	277.971	1.22171	1.96264	1.31395	-0.0295781	-0.55138	0	0.00011282
2884023742629946030	65.012	3.14162	4.33776	754.333	5	159.763	140.875	-1.6954	2.39455	276.288	0	0.817435	944.843	5.3137	1.69482	3.85935	0.498334	0.956878	0	4.77115e-09
14069984617103592077	601.029	4.33311	4.32076	946.398	2	366.354	32.9018	0.103367	0.154506	70.1892	0	0.736949	692.411	2.45064	2.86496	1.50991	-0.221541	-0.987826	0	0.000198995
17955373755627185709	134.169	2.89468	4.2133	2546.02	4	568.576	565.609	0.311994	3.75218	164.517	0	0.175235	1672.92	6.19726	0.964844	1.69839	0.826572	0.197173	0	0.00147142
14605027906635648874	235.704	3.22629	4.47561	663.593	3	190.996	84.6379	0.636612	1.55337	120.508	0	0.659209	698.594	4.49468	1.96932	0.828505	-0.99001	-0.885027	0	0.00296303
12847623080859437977	255.297	4.9808	5.73463	1479.14	3	232.021	63.8177	-0.340477	3.32129	296.926	0	1.45601	798.076	4.46592	0.843978	2.05621	-0.81064	-0.909201	0	0.000521566
18206894701716992031	145.571	5.90731	6.12347	1345.16	2	85.121	57.7542	0.29508	0.525517	53.979	0	1.09108	283.463	6.24581	3.03467	2.3935	-0.0628901	-0.740158	0	2.32082
1266317213449089923	158.743	3.90934	4.73882	1023.24	2	181.181	111.77	1.04451	0.151481	32.8009	0	0.808522	523.474	2.45053	1.90554	0.450019	-0.993063	-0.608721	0	0.000145524
1896403136539002808	248.247	3.53129	4.50457	574.858	2	223.484	40.8635	0.26285	1.5803	108.41	0	0.604001	470.444	0.0455742	1.94868	1.17005	0.723565	-0.987055	0	1.39559
5754884128493550141	144.308	3.06628	3.93297	590.323	3	156.613	96.0354	0.504399	1.27118	76.9833	0	0.972747	664.596	3.05619	1.66759	0.491192	0.994784	-0.932247	0	2.63777e-05
15979697505749266009	293.977	3.05702	3.13673	537.073	3	133.814	107.79	-0.0778095	5.11031	108.666	0	0.951104	607.62	5.81014	1.91861	1.51654	0.833419	-0.979812	0	0.000587555
18086795296236642100	174.384	2.90851	3.86227	705.358	3	160.202	153.328	-2.40936	1.58491	215.827	0	2.40682	576.998	4.48255	0.958216	3.52169	-0.528965	-0.997724	0	5.06226e-06
9878326365641847669	604.96	4.10238	4.45496	1446.28	3	300.777	114.162	0.766293	0.210156	132.276	0	0.949766	1027.5	0.895772	2.98591	0.945733	-0.0695853	-0.998951	0	6.16143e-08
17094664537256548928	163.149	4.22107	5.07791	767.061	2	151.756	55.2364	0.0703767	3.46997	75.7831	0	1.00046	395.971	5.17245	1.06012	3.01882	0.801477	-0.281086	0	0.00220479
6796977582179094954	205.479	5.44452	6.09111	2096.83	2	184.742	101.991	1.80205	2.98458	72.9803	0	0.791526	499.767	0.332037	2.76032	2.57283	0.282737	0.511333	0	1.41849e-09
7752741778422262874	250.554	3.50985	4.23444	524.582	3	127.442	61.2485	-0.862939	2.68528	144.304	0	0.395062	698.19	3.13635	0.980338	2.71776	0.924149	-0.978133	0	2.97509e-06
4676224480327460003	263.916	2.9786	4.26066	1229.4	6	266.445	261.089	0.24103	0.978483	87.3029	0	0.00103097	1280.39	5.95515	0.543854	1.33529	-0.177054	0.477004	0	1.91072e-05
13701366718963486102	83.0877	2.74392	3.98929	621.329	2	157.178	137.638	-0.285656	1.56932	109.91	0	1.45693	458.341	6.14618	1.60876	0.675557	-0.128285	-0.887146	0	0.00391036
3197949272826306538	1044.39	3.97812	4.42002	2739.55	2	621.389	222.802	0.996025	0.859943	50.0344	0	0.177833	1233.21	2.6713	2.70932	1.00585	0.613439	-0.999802	0	0.718616
7397362810000316249	436.295	3.22976	3.50867	606.896	2	284.336	51.3792	-0.0248568	1.40617	145.839	0	0.713888	751.23	4.41352	2.18867	1.0146	-0.782434	-0.999663	0	0.455583
6221974648263359740	201.807	6.13327	6.15832	1660.68	2	99.0091	60.6364	1.60226	0.937491	195.784	0	2.50512	430.068	4.50547	3.03975	0.598289	-0.497925	-0.978397	0	0.466261
14826423483056766924	420.486	4.16393	4.1949	1065.17	3	286.82	63.1277	1.30065	4.63518	113.261	0	0.703639	673.367	1.18027	2.64079	0.544514	-0.734355	-0.991758	0	7.80228e-05
9232586488921705507	198.123	5.92083	6.16385	1660.03	2	173.665	42.5262	1.34506	3.79845	337.344	0	0.803805	596.396	6.18418	2.15563	2.21252	0.965977	-0.995044	0	0.271836
3683687746112149346	498.515	4.22165	4.85065	1953.43	4	559.691	97.8393	0.974879	0.5951	82.5133	0	0.111737	1326.2	4.02787	2.92416	1.1185	-0.337028	-0.966815	0	1.42984e-06
2588060954890272395	79.7301	4.41673	4.97274	708.936	2	82.35	72.2741	-0.454787	3.38234	215.415	0	3.11872	489.941	1.25443	0.522997	0.17721	0.457148	-0.877421	0	6.51315
7403430041977292638	311.071	3.24889	4.35863	1799.75	2	494.527	235.841	0.52843	0.842373	149.824	0	0.827691	1165.71	5.26791	0.52657	0.779657	0.0252413	-0.99561	0	3.60828
17538727740034992430	370.52	3.31933	4.32136	926.162	6	183.586	157.632	0.72263	0.492241	47.2215	0	0.147687	1134.55	1.41885	0.849406	0.916957	-0.838094	0.387607	0	2.54236e-10
17809247631541550462	274.969	4.57698	4.65529	1081.33	2	141.349	86.17	1.8006	0.611252	87.2827	0	0.952731	418.494	0.101924	3.468	0.215949	0.604282	-0.980125	0	6.86265e-05
5819780513153040731	249.579	2.95252	3.75454	619.95	3	175.312	106.379	-1.28793	0.49739	98.0079	0	1.92579	641.533	6.25317	1.16924	2.22829	0.564405	-0.977894	0	1.27687e-06
1404009007053256326	516.056	3.14689	3.68557	862.508	6	213.243	145.232	-0.491156	0.0998935	57.3912	0	0.952895	841.351	3.25148	2.13746	1.83757	0.749909	-0.98014	0	1.10537e-07
7346360990683906728	161.367	4.97359	5.82623	2583.46	2	288.356	157.917	0.684176	3.48397	259.939	0	1.9475	770.58	0.0742091	0.921896	0.0214175	0.980591	-0.999995	0	4.34862
14264940763557113949	299.965	5.38518	5.96383	1788.63	2	207.55	70.105	0.679097	2.34767	82.5218	0	0.601797	398.006	2.94534	2.07612	2.44402	0.741242	-0.978553	0	5.31394
974599981226547604	494.626	4.1347	4.23834	1214.24	3	216.339	110.706	-0.593647	1.10194	170.75	0	0.638368	894.891	4.94601	2.52029	2.60188	-0.857302	-0.999082	0	0.391803
12616083797231693438	562.835	4.62079	4.6491	1357.01	3	171.799	107.184	1.54921	0.411506	36.7606	0	0.688287	626.375	1.74136	3.49647	0.243009	-0.785929	-0.99759	0	6.45531e-05
4358107318030421424	112.292	2.68962	4.03672	1042.61	6	353.056	182.6	0.157255	1.70419	48.7744	0	0.83378	1212.66	1.54542	1.01973	1.10521	0.994947	0.225448	0	1.53245e-08
834557259181612347	527.18	3.62413	3.65641	554.324	2	269.824	31.6529	0.205797	1.93619	56.8503	0	0.905613	560.464	3.65198	1.57982	1.75749	0.483775	-0.997002	0	1.70421e-07
15856669677615154411	104.346	3.05704	4.12698	604.163	3	151.175	103.973	-1.11279	2.47579	126.407	0	1.92354	486.758	1.19062	1.43379	3.07641	-0.5712	0.41763	0	0.000941881
7643415093866798182	401.03	6.64818	7.3478	10167.4	4	543.934	245.74	0.633121	1.0594	156.962	0	1.42229	1137.23	4.91582	2.4059	2.05306	-0.98505	-0.997525	0	-7.88066e-18
